2
80 7
2 2 2 2 2 2 0 2 2 0 4 0 2 3 3 2 3 3 0 3 3 3 4 3 3 2 1 1 1 0 4 4 4 1 0 2 2 2 1 1 4 1 2 3 4 4 3 0 1 1 0 3 4 0 1 2 2 2 1 1 3 4 4 4 4 4 4 3 2 1 4 4 4 4 3 3 3 0 3 3 
4 4 1 1 2 1 2 3 3 3 4 4 4 4 4 1 1 1 1 1 1 1 1 0 3 3 2 0 4 0 1 3 3 3 2 2 1 0 3 2 3 4 1 0 1 2 2 3 2 0 4 0 3 4 1 1 0 0 3 2 0 0 4 3 3 4 0 4 4 4 4 0 3 0 1 1 4 4 3 0 
4 3 1 170
10 1 3 240
10 5 3 360
10 9 3 350
9 6 2 10
5 1 4 350
1 8 2 450
100 8
2 2 3 2 0 2 0 3 3 1 2 2 2 2 3 3 0 4 4 3 2 3 4 3 3 2 3 4 4 4 2 2 2 0 2 2 4 4 4 4 1 1 1 2 2 2 4 3 0 2 3 3 4 0 0 1 1 4 1 1 1 1 2 2 1 1 3 3 3 0 3 2 3 3 0 1 3 3 0 1 1 3 3 4 0 4 1 1 2 2 4 0 4 1 1 2 2 1 1 1 
4 4 4 0 4 1 1 4 1 1 1 1 3 2 1 2 1 1 4 4 1 0 2 3 4 4 4 4 4 0 1 0 2 2 2 0 2 2 2 2 2 2 3 0 0 1 4 3 3 2 0 0 4 4 4 0 2 0 4 1 1 2 2 0 4 4 0 0 2 0 2 3 3 0 2 3 0 3 4 0 4 3 4 4 3 4 1 1 2 2 2 0 0 1 0 4 1 1 1 4 
3 4 2 340
10 1 1 430
3 10 4 10
6 3 4 400
7 4 1 80
4 5 1 420
4 1 2 350
8 4 4 300